
=================20%=======================
lambda1 = 0.001000lambda2 = 0.010000 lambda3= 0.000100
nDim = 500.000000 lambda= 0.001000
reco_rate1 = 0.881579

=================40%=======================
lambda1 = 0.001000lambda2 = 0.010000 lambda3= 0.000100
nDim = 500.000000 lambda= 0.001000
reco_rate1 = 0.589474

=================30%=======================
lambda1 = 0.001000lambda2 = 0.010000 lambda3= 0.000100
nDim = 500.000000 lambda= 0.001000
reco_rate1 = 0.755789
